29
AE005174  0.0000e+00 1.8388e-02 1.8439e-02 2.6398e-02 1.6726e-02 1.7723e-02 5.4799e-04 1.4312e-02 1.8302e-02 1.8099e-02 2.6612e-02 2.6354e-02 1.8077e-02 2.6601e-02 1.7606e-02 1.7054e-02 1.7306e-02 1.6700e-02 2.4809e-02 1.8010e-02 1.7129e-02 2.9253e-03 1.7814e-02 2.6342e-02 2.7048e-02 2.3391e-02 2.4665e-02 2.6215e-02 1.6697e-02
AE005674  1.8388e-02 0.0000e+00 4.4029e-04 2.6166e-02 1.4972e-02 1.4635e-02 1.8280e-02 2.1202e-02 1.3104e-02 1.2784e-02 2.6980e-02 2.6594e-02 1.3714e-03 2.7050e-02 1.3940e-02 1.4422e-02 1.4916e-02 1.4919e-02 2.4737e-02 1.4457e-02 1.4987e-02 1.8566e-02 1.3326e-02 2.6673e-02 2.7017e-02 2.3070e-02 2.4288e-02 2.6657e-02 1.4954e-02
AE014073  1.8439e-02 4.4029e-04 0.0000e+00 2.6123e-02 1.4835e-02 1.4702e-02 1.8456e-02 2.1018e-02 1.3097e-02 1.3127e-02 2.7036e-02 2.6651e-02 1.2620e-03 2.6971e-02 1.3739e-02 1.4329e-02 1.4848e-02 1.4781e-02 2.4665e-02 1.4390e-02 1.4853e-02 1.8794e-02 1.3263e-02 2.6626e-02 2.7107e-02 2.2998e-02 2.4508e-02 2.6587e-02 1.4820e-02
AE014075  2.6398e-02 2.6166e-02 2.6123e-02 0.0000e+00 2.6148e-02 2.6449e-02 2.6913e-02 2.7978e-02 2.6429e-02 2.6255e-02 8.4953e-03 9.0762e-03 2.5953e-02 8.6177e-03 2.6605e-02 2.6217e-02 2.6193e-02 2.6089e-02 2.3002e-02 2.6230e-02 2.6112e-02 2.6669e-02 2.6188e-02 9.7132e-03 9.6067e-03 2.5274e-02 2.2077e-02 1.2357e-02 2.6122e-02
AP009048  1.6726e-02 1.4972e-02 1.4835e-02 2.6148e-02 0.0000e+00 1.2445e-02 1.6888e-02 1.7715e-02 1.3491e-02 1.3321e-02 2.6597e-02 2.6276e-02 1.4816e-02 2.6467e-02 1.2726e-02 9.2760e-03 8.3914e-03 5.7276e-05 2.3711e-02 1.3528e-02 1.1985e-04 1.7051e-02 1.2451e-02 2.5842e-02 2.6039e-02 2.1723e-02 2.3189e-02 2.5986e-02 3.3818e-06
AP009240  1.7723e-02 1.4635e-02 1.4702e-02 2.6449e-02 1.2445e-02 0.0000e+00 1.7996e-02 1.8275e-02 1.2749e-02 1.0967e-02 2.6725e-02 2.6459e-02 1.4442e-02 2.6736e-02 6.9988e-03 1.1064e-02 1.2545e-02 1.2502e-02 2.4390e-02 1.2646e-02 1.2580e-02 1.7914e-02 6.2428e-03 2.6447e-02 2.7018e-02 2.2802e-02 2.4189e-02 2.6574e-02 1.2383e-02
BA000007  5.4799e-04 1.8280e-02 1.8456e-02 2.6913e-02 1.6888e-02 1.7996e-02 0.0000e+00 1.5692e-02 1.8388e-02 1.9376e-02 2.7124e-02 2.6908e-02 1.8003e-02 2.6880e-02 1.7739e-02 1.7430e-02 1.7851e-02 1.6878e-02 2.5321e-02 1.8806e-02 1.7357e-02 2.5755e-03 1.8016e-02 2.6650e-02 2.7371e-02 2.3611e-02 2.4539e-02 2.6684e-02 1.6853e-02
CP000034  1.4312e-02 2.1202e-02 2.1018e-02 2.7978e-02 1.7715e-02 1.8275e-02 1.5692e-02 0.0000e+00 1.8972e-02 1.8363e-02 2.6810e-02 2.6819e-02 2.0844e-02 2.7887e-02 1.8073e-02 1.7787e-02 1.7628e-02 1.7670e-02 2.5205e-02 1.9504e-02 1.7723e-02 1.4243e-02 1.8740e-02 2.7640e-02 2.7807e-02 2.3558e-02 2.4735e-02 2.7036e-02 1.7697e-02
CP000036  1.8302e-02 1.3104e-02 1.3097e-02 2.6429e-02 1.3491e-02 1.2749e-02 1.8388e-02 1.8972e-02 0.0000e+00 1.0281e-02 2.7206e-02 2.6968e-02 1.2865e-02 2.7419e-02 1.1158e-02 1.2900e-02 1.3682e-02 1.3426e-02 2.4675e-02 3.0452e-03 1.3536e-02 1.8788e-02 1.0829e-02 2.6800e-02 2.6952e-02 2.2799e-02 2.4546e-02 2.7106e-02 1.3460e-02
CP000038  1.8099e-02 1.2784e-02 1.3127e-02 2.6255e-02 1.3321e-02 1.0967e-02 1.9376e-02 1.8363e-02 1.0281e-02 0.0000e+00 2.6230e-02 2.6123e-02 1.3004e-02 2.6272e-02 1.0861e-02 1.2383e-02 1.3133e-02 1.3405e-02 2.3934e-02 1.0883e-02 1.3406e-02 1.8281e-02 1.0721e-02 2.5985e-02 2.6332e-02 2.2722e-02 2.4002e-02 2.6181e-02 1.3302e-02
CP000243  2.6612e-02 2.6980e-02 2.7036e-02 8.4953e-03 2.6597e-02 2.6725e-02 2.7124e-02 2.6810e-02 2.7206e-02 2.6230e-02 0.0000e+00 9.1661e-03 2.6721e-02 1.1762e-03 2.6841e-02 2.6210e-02 2.6175e-02 2.6395e-02 2.2899e-02 2.6459e-02 2.6564e-02 2.6878e-02 2.6540e-02 2.0897e-03 9.1779e-03 2.5659e-02 2.2395e-02 1.2514e-02 2.6553e-02
CP000247  2.6354e-02 2.6594e-02 2.6651e-02 9.0762e-03 2.6276e-02 2.6459e-02 2.6908e-02 2.6819e-02 2.6968e-02 2.6123e-02 9.1661e-03 0.0000e+00 2.6549e-02 9.7713e-03 2.6537e-02 2.6200e-02 2.6209e-02 2.6166e-02 2.2629e-02 2.7314e-02 2.6107e-02 2.7026e-02 2.6358e-02 1.0585e-02 9.9951e-03 2.5616e-02 2.2247e-02 1.2711e-02 2.6195e-02
CP000266  1.8077e-02 1.3714e-03 1.2620e-03 2.5953e-02 1.4816e-02 1.4442e-02 1.8003e-02 2.0844e-02 1.2865e-02 1.3004e-02 2.6721e-02 2.6549e-02 0.0000e+00 2.6765e-02 1.3737e-02 1.4367e-02 1.4846e-02 1.4756e-02 2.4830e-02 1.3945e-02 1.4882e-02 1.8321e-02 1.3237e-02 2.6306e-02 2.7000e-02 2.2939e-02 2.4498e-02 2.6476e-02 1.4809e-02
CP000468  2.6601e-02 2.7050e-02 2.6971e-02 8.6177e-03 2.6467e-02 2.6736e-02 2.6880e-02 2.7887e-02 2.7419e-02 2.6272e-02 1.1762e-03 9.7713e-03 2.6765e-02 0.0000e+00 2.6924e-02 2.6287e-02 2.6253e-02 2.6273e-02 2.2835e-02 2.6392e-02 2.6441e-02 2.6736e-02 2.6395e-02 1.6375e-03 9.1905e-03 2.5632e-02 2.2610e-02 1.3205e-02 2.6420e-02
CP000800  1.7606e-02 1.3940e-02 1.3739e-02 2.6605e-02 1.2726e-02 6.9988e-03 1.7739e-02 1.8073e-02 1.1158e-02 1.0861e-02 2.6841e-02 2.6537e-02 1.3737e-02 2.6924e-02 0.0000e+00 1.1317e-02 1.2511e-02 1.2701e-02 2.4200e-02 1.1339e-02 1.2733e-02 1.7679e-02 6.9047e-03 2.6288e-02 2.6353e-02 2.2636e-02 2.4182e-02 2.6536e-02 1.2727e-02
CP000802  1.7054e-02 1.4422e-02 1.4329e-02 2.6217e-02 9.2760e-03 1.1064e-02 1.7430e-02 1.7787e-02 1.2900e-02 1.2383e-02 2.6210e-02 2.6200e-02 1.4367e-02 2.6287e-02 1.1317e-02 0.0000e+00 6.2800e-03 9.3447e-03 2.3761e-02 1.2976e-02 9.1927e-03 1.7513e-02 1.1252e-02 2.5981e-02 2.6376e-02 2.2194e-02 2.3327e-02 2.6174e-02 9.2353e-03
CP000946  1.7306e-02 1.4916e-02 1.4848e-02 2.6193e-02 8.3914e-03 1.2545e-02 1.7851e-02 1.7628e-02 1.3682e-02 1.3133e-02 2.6175e-02 2.6209e-02 1.4846e-02 2.6253e-02 1.2511e-02 6.2800e-03 0.0000e+00 8.4254e-03 2.3995e-02 1.3717e-02 8.6027e-03 1.7779e-02 1.2352e-02 2.5873e-02 2.6246e-02 2.2372e-02 2.3747e-02 2.6250e-02 8.4505e-03
CP000948  1.6700e-02 1.4919e-02 1.4781e-02 2.6089e-02 5.7276e-05 1.2502e-02 1.6878e-02 1.7670e-02 1.3426e-02 1.3405e-02 2.6395e-02 2.6166e-02 1.4756e-02 2.6273e-02 1.2701e-02 9.3447e-03 8.4254e-03 0.0000e+00 2.3578e-02 1.3473e-02 1.1977e-04 1.7004e-02 1.2492e-02 2.5746e-02 2.5908e-02 2.2008e-02 2.3210e-02 2.5893e-02 5.4866e-05
CP000970  2.4809e-02 2.4737e-02 2.4665e-02 2.3002e-02 2.3711e-02 2.4390e-02 2.5321e-02 2.5205e-02 2.4675e-02 2.3934e-02 2.2899e-02 2.2629e-02 2.4830e-02 2.2835e-02 2.4200e-02 2.3761e-02 2.3995e-02 2.3578e-02 0.0000e+00 2.4919e-02 2.3720e-02 2.5012e-02 2.4284e-02 2.3126e-02 2.3559e-02 2.1190e-02 1.4131e-02 2.3024e-02 2.3706e-02
CP001063  1.8010e-02 1.4457e-02 1.4390e-02 2.6230e-02 1.3528e-02 1.2646e-02 1.8806e-02 1.9504e-02 3.0452e-03 1.0883e-02 2.6459e-02 2.7314e-02 1.3945e-02 2.6392e-02 1.1339e-02 1.2976e-02 1.3717e-02 1.3473e-02 2.4919e-02 0.0000e+00 1.3970e-02 1.8851e-02 1.1063e-02 2.6387e-02 2.6993e-02 2.2521e-02 2.4761e-02 2.6947e-02 1.3535e-02
CP001396  1.7129e-02 1.4987e-02 1.4853e-02 2.6112e-02 1.1985e-04 1.2580e-02 1.7357e-02 1.7723e-02 1.3536e-02 1.3406e-02 2.6564e-02 2.6107e-02 1.4882e-02 2.6441e-02 1.2733e-02 9.1927e-03 8.6027e-03 1.1977e-04 2.3720e-02 1.3970e-02 0.0000e+00 1.7641e-02 1.2512e-02 2.5847e-02 2.6199e-02 2.1814e-02 2.3264e-02 2.6069e-02 1.1857e-04
CP001846  2.9253e-03 1.8566e-02 1.8794e-02 2.6669e-02 1.7051e-02 1.7914e-02 2.5755e-03 1.4243e-02 1.8788e-02 1.8281e-02 2.6878e-02 2.7026e-02 1.8321e-02 2.6736e-02 1.7679e-02 1.7513e-02 1.7779e-02 1.7004e-02 2.5012e-02 1.8851e-02 1.7641e-02 0.0000e+00 1.8031e-02 2.6337e-02 2.7381e-02 2.3502e-02 2.4810e-02 2.6597e-02 1.7005e-02
CU928160  1.7814e-02 1.3326e-02 1.3263e-02 2.6188e-02 1.2451e-02 6.2428e-03 1.8016e-02 1.8740e-02 1.0829e-02 1.0721e-02 2.6540e-02 2.6358e-02 1.3237e-02 2.6395e-02 6.9047e-03 1.1252e-02 1.2352e-02 1.2492e-02 2.4284e-02 1.1063e-02 1.2512e-02 1.8031e-02 0.0000e+00 2.6319e-02 2.6859e-02 2.2538e-02 2.3954e-02 2.6191e-02 1.2425e-02
CU928161  2.6342e-02 2.6673e-02 2.6626e-02 9.7132e-03 2.5842e-02 2.6447e-02 2.6650e-02 2.7640e-02 2.6800e-02 2.5985e-02 2.0897e-03 1.0585e-02 2.6306e-02 1.6375e-03 2.6288e-02 2.5981e-02 2.5873e-02 2.5746e-02 2.3126e-02 2.6387e-02 2.5847e-02 2.6337e-02 2.6319e-02 0.0000e+00 9.6820e-03 2.5084e-02 2.2912e-02 1.3219e-02 2.5805e-02
CU928162  2.7048e-02 2.7017e-02 2.7107e-02 9.6067e-03 2.6039e-02 2.7018e-02 2.7371e-02 2.7807e-02 2.6952e-02 2.6332e-02 9.1779e-03 9.9951e-03 2.7000e-02 9.1905e-03 2.6353e-02 2.6376e-02 2.6246e-02 2.5908e-02 2.3559e-02 2.6993e-02 2.6199e-02 2.7381e-02 2.6859e-02 9.6820e-03 0.0000e+00 2.5889e-02 2.3135e-02 1.3132e-02 2.6030e-02
CU928163  2.3391e-02 2.3070e-02 2.2998e-02 2.5274e-02 2.1723e-02 2.2802e-02 2.3611e-02 2.3558e-02 2.2799e-02 2.2722e-02 2.5659e-02 2.5616e-02 2.2939e-02 2.5632e-02 2.2636e-02 2.2194e-02 2.2372e-02 2.2008e-02 2.1190e-02 2.2521e-02 2.1814e-02 2.3502e-02 2.2538e-02 2.5084e-02 2.5889e-02 0.0000e+00 2.0455e-02 2.5236e-02 2.1732e-02
CU928164  2.4665e-02 2.4288e-02 2.4508e-02 2.2077e-02 2.3189e-02 2.4189e-02 2.4539e-02 2.4735e-02 2.4546e-02 2.4002e-02 2.2395e-02 2.2247e-02 2.4498e-02 2.2610e-02 2.4182e-02 2.3327e-02 2.3747e-02 2.3210e-02 1.4131e-02 2.4761e-02 2.3264e-02 2.4810e-02 2.3954e-02 2.2912e-02 2.3135e-02 2.0455e-02 0.0000e+00 2.3201e-02 2.3191e-02
FM180568  2.6215e-02 2.6657e-02 2.6587e-02 1.2357e-02 2.5986e-02 2.6574e-02 2.6684e-02 2.7036e-02 2.7106e-02 2.6181e-02 1.2514e-02 1.2711e-02 2.6476e-02 1.3205e-02 2.6536e-02 2.6174e-02 2.6250e-02 2.5893e-02 2.3024e-02 2.6947e-02 2.6069e-02 2.6597e-02 2.6191e-02 1.3219e-02 1.3132e-02 2.5236e-02 2.3201e-02 0.0000e+00 2.6037e-02
U00096    1.6697e-02 1.4954e-02 1.4820e-02 2.6122e-02 3.3818e-06 1.2383e-02 1.6853e-02 1.7697e-02 1.3460e-02 1.3302e-02 2.6553e-02 2.6195e-02 1.4809e-02 2.6420e-02 1.2727e-02 9.2353e-03 8.4505e-03 5.4866e-05 2.3706e-02 1.3535e-02 1.1857e-04 1.7005e-02 1.2425e-02 2.5805e-02 2.6030e-02 2.1732e-02 2.3191e-02 2.6037e-02 0.0000e+00
